
This is MPCPathFollowing, an interior point solver for nonlinear programming generated by FORCES PRO v1.8.0.
Problem size: 425 variables, 270 equality and 460 constraints in 31 stage(s)
(c) embotech AG, Zurich, Switzerland, 2013-2019. All rights reserved. Email: info@embotech.com

  It.   objective   res_stat   res_eq   res_ineq   rsnorm   rcompnorm     barrier    step_p  step_d  lsit  dw       dc     skips
  ---------------------------------------------------------------------------------------------------------------------------------
    0  -3.0537e+00  2.01e+00  5.07e-01  1.97e-02  2.01e+00  1.74e+03    1.0e-01 (A)  0.0000  0.0000   1  1.6e-05  1.6e-05    0
    1  -1.3710e+00  5.06e+00  5.07e-01  5.31e-02  5.06e+00  1.74e+03    6.0e+01 (A)  0.0002  0.0006   1  5.8e-05  5.8e-05    2
    2  +1.1776e+01  2.80e+00  5.06e-01  3.02e+00  2.80e+00  1.74e+03    6.0e+01 (A)  0.0014  0.0012   1  4.6e-05  4.6e-05   13
    3  +6.0208e+01  1.80e+01  5.04e-01  3.35e+01  1.80e+01  1.74e+03    6.0e+01 (M)  0.0048  0.0030   1  4.0e-05  4.0e-05   11
    4  +1.5455e+02  3.66e+01  4.99e-01  1.09e+02  3.66e+01  1.72e+03    6.0e+01 (M)  0.0102  0.0123   1  3.6e-05  3.6e-05    2
    5  +4.6364e+02  8.31e+01  4.81e-01  2.66e+02  8.31e+01  1.66e+03    6.0e+01 (M)  0.0345  0.0374   1  3.4e-05  3.4e-05    0
    6  +1.2639e+03  2.44e+03  4.29e-01  2.54e+02  2.44e+03  1.31e+03    6.0e+01 (M)  0.1084  0.3166   1  3.1e-05  3.1e-05    0
    7  +4.0518e+03  7.57e+02  1.51e-01  7.07e+01  7.57e+02  6.13e+02    5.6e+01 (M)  0.7436  0.6081   1  2.7e-05  2.7e-05    0
    8  +4.2184e+03  1.02e+04  8.90e-02  3.42e+01  1.02e+04  2.35e+02    5.1e+01 (M)  0.4406  0.9351   1  1.1e-05  1.1e-05    2
    9  +3.9875e+03  1.84e+04  3.71e-02  1.23e+01  1.84e+04  1.09e+02    4.2e+01 (M)  0.6260  1.0000   1  6.9e-06  6.9e-06    9
   10  +3.3774e+03  1.76e+04  2.22e-02  2.52e+01  1.76e+04  5.49e+01    3.4e+01 (M)  0.7534  1.0000   1  3.3e-06  3.3e-06   11
   11  +2.6081e+03  7.60e+03  1.56e-02  1.33e+01  7.60e+03  4.12e+01    2.8e+01 (M)  0.9192  1.0000   1  2.1e-06  2.1e-06    7
   12  +2.0201e+03  9.79e+01  5.91e-03  3.32e+00  9.79e+01  2.53e+01    2.2e+01 (M)  1.0000  1.0000   1  1.6e-06  1.6e-06    3
   13  +4.1908e+02  4.21e+04  1.77e-02  9.25e+00  4.21e+04  9.61e+00    3.6e+00 (M)  0.9757  0.7476   1  7.0e-07  7.0e-07    0
   14  +3.5886e+02  1.80e+04  8.25e-03  3.60e+00  1.80e+04  7.71e+00    6.1e+00 (M)  0.6038  0.5401   1  1.6e-06  1.6e-06    0
   15  +2.9343e+02  7.06e+02  5.04e-03  2.27e+00  7.06e+02  7.31e+00    5.4e+00 (M)  0.3938  1.0000   1  8.7e-07  8.7e-07    1
   16  +2.1856e+02  1.21e+01  5.79e-03  6.27e-01  1.21e+01  7.60e+00    4.3e+00 (M)  1.0000  1.0000   1  5.8e-07  5.8e-07    1
   17  +5.8564e+00  5.81e+03  3.99e-03  2.68e-01  5.81e+03  1.67e+00    6.9e-01 (M)  0.8388  1.0000   1  6.3e-07  6.3e-07    0
   18  -1.3510e+00  1.62e+03  7.64e-04  4.15e-01  1.62e+03  1.97e-01    3.0e-02 (A)  0.8399  0.9454   1  4.6e-07  4.6e-07    0
   19  -2.1685e+00  3.70e+00  1.42e-04  2.71e-01  3.70e+00  3.34e-02    8.2e-03 (A)  1.0000  1.0000   1  1.2e-07  1.2e-07    0
   20  -2.5086e+00  6.15e+00  4.53e-04  1.58e-02  6.15e+00  6.66e-03    2.0e-07 (A)  0.9983  0.9234   1  1.2e-09  1.2e-09    0
   21  -2.8101e+00  7.05e+00  8.14e-04  2.48e-01  7.05e+00  1.09e-03    4.9e-04 (A)  0.2954  1.0000   1  7.8e-08  7.8e-08    0
   22  -2.8510e+00  4.41e+00  2.71e-03  4.85e-02  4.41e+00  3.08e-03    3.8e-04 (A)  1.0000  1.0000   1  6.6e-08  6.6e-08    0
   23  -2.9169e+00  2.83e+00  1.50e-02  1.34e-01  2.83e+00  1.30e-04    2.0e-07 (A)  0.9304  0.7833   1  1.2e-09  1.2e-09    0
   24  -2.9379e+00  2.35e+00  1.38e-03  7.14e-02  2.35e+00  6.95e-05    6.2e-05 (A)  1.0000  1.0000   1  1.6e-08  1.6e-08    0
   25  -2.9609e+00  1.33e+00  1.13e-03  1.83e-01  1.33e+00  3.94e-05    2.0e-07 (A)  0.4370  0.5285   1  1.1e-09  1.1e-09    0
   26  -3.0004e+00  1.06e+00  2.18e-03  9.37e-01  1.06e+00  2.76e-05    2.4e-05 (A)  0.6924  1.0000   1  7.7e-09  7.7e-09    1
   27  -3.0233e+00  1.31e+00  1.50e-03  6.98e-01  1.31e+00  2.90e-05    1.9e-05 (A)  0.6097  0.2494   1  6.6e-09  6.6e-09    2
   28  -3.0314e+00  1.38e+00  1.33e-03  5.99e-01  1.38e+00  2.71e-05    1.8e-05 (A)  0.1722  0.6414   1  6.2e-09  6.2e-09    0
   29  -3.0513e+00  1.33e+00  1.02e-03  4.62e-01  1.33e+00  2.40e-05    1.6e-05 (A)  0.4144  0.2427   1  5.6e-09  5.6e-09    1
   30  -3.0705e+00  1.12e+00  1.02e-03  4.54e-01  1.12e+00  8.08e-05    1.5e-05 (A)  0.2788  0.7248   1  5.4e-09  5.4e-09    2
   31  -3.1154e+00  7.25e-01  3.61e-03  2.02e+00  7.25e-01  4.87e-05    1.3e-05 (A)  0.6188  1.0000   1  4.8e-09  4.8e-09    0
   32  -3.1487e+00  8.44e-01  4.34e-03  2.76e+00  8.44e-01  1.83e-05    1.0e-05 (A)  0.6983  0.8168   1  4.2e-09  4.2e-09    0
   33  -3.1739e+00  1.46e+00  4.06e-03  2.92e+00  1.46e+00  2.07e-05    8.5e-06 (A)  0.3997  0.9023   1  3.7e-09  3.7e-09    1
   34  -3.2227e+00  4.65e+00  1.09e-02  1.27e+01  4.65e+00  1.89e-05    7.1e-06 (A)  1.0000  1.0000   1  3.3e-09  3.3e-09    1
   35  -3.2417e+00  4.49e+00  4.01e-03  4.64e+00  4.49e+00  7.02e-06    2.0e-07 (A)  0.6346  0.5713   1  1.1e-09  1.1e-09    0
   36  -3.2982e+00  3.82e+00  2.97e-03  4.26e+00  3.82e+00  4.62e-06    2.4e-06 (A)  0.2903  0.3103   1  2.0e-09  2.0e-09    0
   37  -3.3024e+00  3.76e+00  2.93e-03  4.20e+00  3.76e+00  5.54e-06    2.3e-06 (A)  0.0165  0.1865   1  1.9e-09  1.9e-09    0
   38  -3.3346e+00  3.44e+00  2.99e-03  4.41e+00  3.44e+00  5.43e-06    2.2e-06 (A)  0.0944  0.3375   1  1.9e-09  1.9e-09    0
   39  -3.3720e+00  3.17e+00  3.52e-03  4.93e+00  3.17e+00  4.90e-06    2.1e-06 (A)  0.1009  0.1184   1  1.8e-09  1.8e-09    0
   40  -3.4005e+00  2.80e+00  3.58e-03  4.82e+00  2.80e+00  1.44e-05    2.0e-06 (A)  0.0959  0.0493   1  1.8e-09  1.8e-09    0
   41  -3.4199e+00  2.72e+00  3.67e-03  4.91e+00  2.72e+00  2.17e-05    2.0e-06 (A)  0.0443  0.1861   1  1.8e-09  1.8e-09    0
   42  -3.4730e+00  2.39e+00  5.05e-03  6.46e+00  2.39e+00  1.93e-05    2.0e-06 (A)  0.1264  0.1709   1  1.8e-09  1.8e-09    0
   43  -3.5023e+00  2.31e+00  5.31e-03  6.83e+00  2.31e+00  2.04e-05    1.9e-06 (A)  0.0658  0.2178   1  1.8e-09  1.8e-09    0
   44  -3.5519e+00  2.14e+00  6.54e-03  8.42e+00  2.14e+00  1.84e-05    1.9e-06 (A)  0.0980  0.0548   1  1.7e-09  1.7e-09    0
   45  -3.5643e+00  2.10e+00  6.54e-03  8.35e+00  2.10e+00  1.79e-05    1.8e-06 (A)  0.0246  0.1069   1  1.7e-09  1.7e-09    0
   46  -3.6047e+00  1.98e+00  7.78e-03  9.15e+00  1.98e+00  1.73e-05    1.8e-06 (A)  0.0746  0.0340   1  1.7e-09  1.7e-09    0
   47  -3.6400e+00  1.92e+00  8.61e-03  9.59e+00  1.92e+00  1.33e-05    1.8e-06 (A)  0.0655  0.1464   1  1.7e-09  1.7e-09    0
   48  -3.6689e+00  2.08e+00  9.03e-03  9.72e+00  2.08e+00  1.21e-05    1.7e-06 (A)  0.0526  0.0901   1  1.7e-09  1.7e-09    1
   49  -3.6922e+00  2.21e+00  9.16e-03  9.65e+00  2.21e+00  8.24e-06    1.7e-06 (A)  0.0447  0.2513   1  1.7e-09  1.7e-09    2
   50  -3.7620e+00  2.63e+00  1.39e-02  1.08e+01  2.63e+00  8.18e-06    1.7e-06 (A)  0.1574  0.0096   1  1.7e-09  1.7e-09    0
   51  -3.8413e+00  3.17e+00  2.27e-02  8.59e+00  3.17e+00  1.46e-05    1.6e-06 (A)  0.2063  0.2703   1  1.6e-09  1.6e-09    0
   52  -3.8546e+00  3.22e+00  2.22e-02  8.14e+00  3.22e+00  1.52e-05    1.5e-06 (A)  0.0374  0.3715   1  1.6e-09  1.6e-09    0
   53  -3.8939e+00  3.21e+00  2.11e-02  8.36e+00  3.21e+00  1.32e-05    1.5e-06 (A)  0.1814  0.0189   1  1.6e-09  1.6e-09    0
   54  -3.8988e+00  3.20e+00  2.06e-02  8.15e+00  3.20e+00  1.28e-05    1.5e-06 (A)  0.0288  0.0298   1  1.6e-09  1.6e-09    0
   55  -3.9041e+00  3.19e+00  2.02e-02  8.02e+00  3.19e+00  1.27e-05    1.4e-06 (A)  0.0212  0.0403   1  1.6e-09  1.6e-09    0
   56  -3.9078e+00  3.18e+00  1.99e-02  7.95e+00  3.18e+00  1.28e-05    1.4e-06 (A)  0.0116  0.0730   1  1.6e-09  1.6e-09    0
   57  -3.9360e+00  3.08e+00  1.95e-02  8.63e+00  3.08e+00  1.12e-05    1.4e-06 (A)  0.0783  0.0142   1  1.6e-09  1.6e-09    0
   58  -3.9415e+00  3.06e+00  1.93e-02  8.56e+00  3.06e+00  1.20e-05    1.4e-06 (A)  0.0140  0.1375   1  1.5e-09  1.5e-09    0
   59  -3.9512e+00  3.03e+00  1.90e-02  8.51e+00  3.03e+00  1.17e-05    1.4e-06 (A)  0.0234  0.0132   1  1.5e-09  1.5e-09    0
   60  -3.9706e+00  2.97e+00  1.86e-02  8.80e+00  2.97e+00  1.13e-05    1.4e-06 (A)  0.0415  0.0401   1  1.5e-09  1.5e-09    0
   61  -3.9777e+00  2.94e+00  1.83e-02  8.75e+00  2.94e+00  1.18e-05    1.4e-06 (A)  0.0153  0.1394   1  1.5e-09  1.5e-09    0
   62  -3.9915e+00  2.90e+00  1.80e-02  8.85e+00  2.90e+00  1.55e-05    1.4e-06 (A)  0.0280  0.1190   1  1.5e-09  1.5e-09    0
   63  -4.0239e+00  2.77e+00  1.76e-02  1.02e+01  2.77e+00  1.75e-05    1.5e-06 (A)  0.0669  0.1806   1  1.5e-09  1.5e-09    0
   64  -4.0506e+00  2.62e+00  1.69e-02  1.10e+01  2.62e+00  1.36e-05    1.5e-06 (A)  0.0692  0.0119   1  1.5e-09  1.5e-09    0
   65  -4.0652e+00  2.54e+00  1.65e-02  1.11e+01  2.54e+00  1.78e-05    1.4e-06 (A)  0.0341  0.2284   1  1.5e-09  1.5e-09    0
   66  -4.0900e+00  2.41e+00  1.59e-02  1.20e+01  2.41e+00  1.66e-05    1.5e-06 (A)  0.0590  0.0149   1  1.6e-09  1.6e-09    0
   67  -4.1045e+00  2.26e+00  1.49e-02  1.17e+01  2.26e+00  1.55e-05    1.4e-06 (A)  0.0659  0.0095   1  1.5e-09  1.5e-09    0
   68  -4.1158e+00  2.17e+00  1.45e-02  1.17e+01  2.17e+00  1.55e-05    1.4e-06 (A)  0.0300  0.0497   1  1.5e-09  1.5e-09    1
   69  -4.1241e+00  2.12e+00  1.42e-02  1.16e+01  2.12e+00  1.52e-05    1.4e-06 (A)  0.0214  0.0252   1  1.5e-09  1.5e-09    2
   70  -4.1287e+00  2.09e+00  1.41e-02  1.16e+01  2.09e+00  1.52e-05    1.4e-06 (A)  0.0121  0.0261   1  1.5e-09  1.5e-09    0
   71  -4.0504e+00  4.66e+00  1.12e-02  9.22e+00  4.66e+00  1.19e-05    1.4e-06 (A)  0.2027  0.2338   1  1.5e-09  1.5e-09    0
   72  -4.0611e+00  4.46e+00  1.07e-02  8.81e+00  4.46e+00  1.09e-05    1.3e-06 (A)  0.0448  0.0779   1  1.5e-09  1.5e-09    0
   73  -4.0692e+00  4.31e+00  1.04e-02  8.54e+00  4.31e+00  1.09e-05    1.3e-06 (A)  0.0300  0.1014   1  1.5e-09  1.5e-09    0
   74  -4.0898e+00  3.96e+00  9.66e-03  7.95e+00  3.96e+00  1.09e-05    1.3e-06 (A)  0.0695  0.1754   1  1.5e-09  1.5e-09    0
   75  -4.1092e+00  3.63e+00  9.01e-03  7.43e+00  3.63e+00  1.02e-05    1.3e-06 (A)  0.0669  0.0228   1  1.5e-09  1.5e-09    0
   76  -4.1308e+00  3.25e+00  8.34e-03  6.91e+00  3.25e+00  1.08e-05    1.2e-06 (A)  0.0719  0.2902   1  1.4e-09  1.4e-09    0
   77  -4.1433e+00  3.03e+00  8.01e-03  6.65e+00  3.03e+00  1.16e-05    1.2e-06 (A)  0.0389  0.1048   1  1.4e-09  1.4e-09    0
   78  -4.1848e+00  2.25e+00  7.02e-03  6.04e+00  2.25e+00  9.20e-06    1.2e-06 (A)  0.1165  0.0754   1  1.4e-09  1.4e-09    0
   79  -4.2009e+00  1.92e+00  6.66e-03  5.81e+00  1.92e+00  8.51e-06    1.1e-06 (A)  0.0508  0.0290   1  1.4e-09  1.4e-09    0
   80  -4.2366e+00  1.18e+00  5.91e-03  5.63e+00  1.18e+00  7.69e-06    1.1e-06 (A)  0.1111  0.1303   1  1.4e-09  1.4e-09    0
   81  -4.2856e+00  9.63e-01  4.64e-03  5.91e+00  9.63e-01  6.25e-06    1.1e-06 (A)  0.2116  0.2545   1  1.4e-09  1.4e-09    0
   82  -4.3113e+00  9.09e-01  3.87e-03  5.27e+00  9.09e-01  1.29e-05    1.0e-06 (A)  0.2502  0.8098   1  1.4e-09  1.4e-09    0
   83  -4.3273e+00  1.48e+00  3.10e-03  4.15e+00  1.48e+00  7.34e-06    9.5e-07 (A)  0.3277  0.3181   1  1.3e-09  1.3e-09    0
   84  -4.3294e+00  1.55e+00  2.91e-03  3.90e+00  1.55e+00  5.45e-06    8.6e-07 (A)  0.0628  0.6952   1  1.3e-09  1.3e-09    0
   85  -4.3310e+00  1.58e+00  2.79e-03  3.74e+00  1.58e+00  5.37e-06    7.9e-07 (A)  0.0421  0.0610   1  1.3e-09  1.3e-09    0
   86  -4.3358e+00  1.65e+00  2.54e-03  3.35e+00  1.65e+00  5.70e-06    7.8e-07 (A)  0.1047  0.2548   1  1.3e-09  1.3e-09    0
   87  -4.3406e+00  1.72e+00  2.40e-03  3.13e+00  1.72e+00  5.31e-06    7.6e-07 (A)  0.0675  0.0720   1  1.3e-09  1.3e-09    0
   88  -4.3434e+00  1.76e+00  2.34e-03  3.04e+00  1.76e+00  6.54e-06    7.4e-07 (A)  0.0305  0.2554   1  1.3e-09  1.3e-09    0
   89  -4.3704e+00  2.16e+00  3.46e-03  2.44e+00  2.16e+00  3.75e-06    7.4e-07 (A)  0.2608  0.4646   1  1.3e-09  1.3e-09    0
   90  -4.3715e+00  2.17e+00  3.42e-03  2.41e+00  2.17e+00  5.95e-06    6.7e-07 (A)  0.0129  0.5619   1  1.3e-09  1.3e-09    0
   91  -4.3901e+00  2.43e+00  4.11e-03  2.00e+00  2.43e+00  4.65e-06    6.6e-07 (A)  0.2151  0.1169   1  1.3e-09  1.3e-09    0
   92  -4.3929e+00  2.46e+00  4.01e-03  1.94e+00  2.46e+00  6.23e-06    6.2e-07 (A)  0.0326  0.2754   1  1.2e-09  1.2e-09    0
   93  -4.4187e+00  2.74e+00  5.88e-03  1.69e+00  2.74e+00  2.50e-06    6.0e-07 (A)  0.2500  0.1467   1  1.2e-09  1.2e-09    0
   94  -4.4361e+00  2.92e+00  6.50e-03  1.50e+00  2.92e+00  3.41e-06    5.7e-07 (A)  0.1844  1.0000   1  1.2e-09  1.2e-09    0
   95  -4.4736e+00  3.22e+00  1.20e-02  1.45e+00  3.22e+00  1.74e-06    5.0e-07 (A)  0.3084  1.0000   1  1.2e-09  1.2e-09    1
   96  -4.4761e+00  3.19e+00  1.13e-02  1.37e+00  3.19e+00  8.28e-05    4.5e-07 (A)  0.0574  0.7850   1  1.2e-09  1.2e-09    0
   97  -4.5023e+00  2.86e+00  1.16e-02  1.31e+00  2.86e+00  7.28e-05    5.6e-07 (A)  0.1386  0.2479   1  1.2e-09  1.2e-09    0
   98  -4.5181e+00  2.64e+00  1.13e-02  1.25e+00  2.64e+00  6.72e-05    5.5e-07 (A)  0.0853  0.1348   1  1.2e-09  1.2e-09    0
   99  -4.5310e+00  2.45e+00  1.10e-02  1.21e+00  2.45e+00  6.30e-05    5.5e-07 (A)  0.0702  0.1094   1  1.2e-09  1.2e-09    0
  100  -4.5551e+00  2.10e+00  1.13e-02  1.22e+00  2.10e+00  5.25e-05    5.4e-07 (A)  0.1412  0.0639   1  1.2e-09  1.2e-09    0
  101  -4.5737e+00  1.83e+00  1.08e-02  1.21e+00  1.83e+00  5.92e-05    5.2e-07 (A)  0.1236  1.0000   1  1.2e-09  1.2e-09    0
  102  -4.5791e+00  1.76e+00  1.04e-02  1.17e+00  1.76e+00  5.74e-05    5.7e-07 (A)  0.0391  0.1399   1  1.2e-09  1.2e-09    0
  103  -4.6073e+00  1.37e+00  9.20e-03  1.38e+00  1.37e+00  4.71e-05    5.5e-07 (A)  0.2034  0.5111   1  1.2e-09  1.2e-09    0
  104  -4.6298e+00  1.31e+00  8.20e-03  1.45e+00  1.31e+00  3.88e-05    5.4e-07 (A)  0.2305  1.0000   1  1.2e-09  1.2e-09    0
  105  -4.6659e+00  1.60e+00  1.98e-02  2.29e+00  1.60e+00  1.66e-05    5.2e-07 (A)  0.5540  0.6001   1  1.2e-09  1.2e-09    0
  106  -4.6676e+00  1.56e+00  3.24e-03  4.05e-01  1.56e+00  3.33e-03    4.7e-07 (A)  1.0000  1.0000   1  1.2e-09  1.2e-09    0
  107  -4.6740e+00  1.49e+00  3.45e-03  6.69e-01  1.49e+00  2.34e-03    8.6e-07 (A)  0.3447  0.2872   1  1.3e-09  1.3e-09    0
  108  -4.6817e+00  1.17e+00  3.68e-03  1.27e+00  1.17e+00  1.42e-03    4.5e-06 (A)  0.2683  1.0000   1  2.1e-09  2.1e-09    0
  109  -4.6841e+00  1.08e+00  3.46e-03  1.27e+00  1.08e+00  1.23e-03    5.6e-06 (A)  0.0802  0.6733   1  2.3e-09  2.3e-09    0
  110  -4.6861e+00  9.16e-01  2.86e-03  1.05e+00  9.16e-01  9.36e-04    5.9e-06 (A)  0.1736  0.6082   1  2.4e-09  2.4e-09    1
  111  -4.6931e+00  1.97e-01  8.00e-04  3.24e-01  1.97e-01  1.45e-04    5.8e-06 (A)  1.0000  1.0000   1  2.3e-09  2.3e-09    2
  112  -4.6947e+00  1.86e-01  3.63e-04  1.23e-01  1.86e-01  5.75e-05    2.0e-07 (A)  0.6479  0.8972   1  1.1e-09  1.1e-09    0
  113  -4.6957e+00  2.91e-01  2.35e-04  9.20e-02  2.91e-01  2.99e-05    9.5e-07 (A)  0.4907  0.8222   1  1.3e-09  1.3e-09    0
  114  -4.6986e+00  5.71e-01  4.75e-04  2.34e-01  5.71e-01  4.10e-06    8.9e-07 (A)  1.0000  1.0000   1  1.3e-09  1.3e-09    0
  115  -4.7017e+00  6.77e-01  3.60e-04  4.21e-01  6.77e-01  1.11e-06    2.0e-07 (A)  0.4436  0.4122   1  1.1e-09  1.1e-09    1
  116  -4.7104e+00  9.91e-01  9.26e-04  4.91e+00  9.91e-01  1.66e-06    4.8e-07 (A)  0.9569  1.0000   1  1.2e-09  1.2e-09    2
  117  -4.7123e+00  1.01e+00  6.62e-04  3.56e+00  1.01e+00  1.97e-05    3.8e-07 (A)  0.3091  0.1567   1  1.1e-09  1.1e-09    1
  118  -4.7200e+00  7.86e-01  5.96e-04  3.17e+00  7.86e-01  1.35e-04    4.0e-07 (A)  0.6880  0.3764   1  1.2e-09  1.2e-09    2
  119  -4.7197e+00  4.31e-01  4.61e-04  1.98e+00  4.31e-01  2.99e-04    5.8e-07 (A)  0.7462  0.0660   1  1.2e-09  1.2e-09    0
  120  -4.7212e+00  3.64e-01  3.47e-04  1.73e+00  3.64e-01  3.19e-04    1.1e-06 (A)  0.2127  1.0000   1  1.3e-09  1.3e-09    1
  121  -4.7229e+00  2.45e-01  1.95e-04  1.40e+00  2.45e-01  1.77e-04    1.5e-06 (A)  0.3250  0.4095   1  1.4e-09  1.4e-09    2
  122  -4.7234e+00  1.60e-01  1.17e-04  9.17e-01  1.60e-01  1.08e-04    1.3e-06 (A)  0.3729  0.1535   1  1.4e-09  1.4e-09    0
  123  -4.7237e+00  1.04e-01  1.45e-04  3.77e-01  1.04e-01  1.22e-04    1.3e-06 (A)  0.5998  0.0171   1  1.4e-09  1.4e-09    0
  124  -4.7239e+00  7.04e-02  1.18e-04  3.08e-01  7.04e-02  8.72e-05    1.2e-06 (A)  0.2119  1.0000   1  1.4e-09  1.4e-09    0
  125  -4.7242e+00  4.14e-02  4.88e-04  1.96e-02  4.14e-02  1.84e-05    1.3e-06 (A)  1.0000  1.0000   1  1.4e-09  1.4e-09    0
  126  -4.7243e+00  4.19e-02  1.90e-04  7.19e-03  4.19e-02  7.15e-06    2.0e-07 (A)  0.6472  0.7171   1  1.1e-09  1.1e-09    0
  127  -4.7244e+00  3.13e-02  1.29e-04  1.75e-03  3.13e-02  7.79e-07    4.3e-07 (A)  1.0000  1.0000   1  1.2e-09  1.2e-09    0
  128  -4.7244e+00  1.22e-02  4.42e-05  6.42e-04  1.22e-02  2.26e-07    2.0e-07 (A)  1.0000  1.0000   1  1.1e-09  1.1e-09    0
  129  -4.7244e+00  1.13e-02  2.25e-06  3.85e-04  1.13e-02  2.42e-07    2.0e-07 (A)  1.0000  1.0000   1  1.1e-09  1.1e-09    0
  130  -4.7245e+00  3.83e-02  8.65e-07  3.76e-03  3.83e-02  2.02e-07    2.0e-07 (A)  0.5974  0.7392   1  1.1e-09  1.1e-09    0
  131  -4.7245e+00  2.08e-02  7.02e-06  2.52e-04  2.08e-02  1.49e-05    2.0e-07 (A)  1.0000  0.8444   1  1.1e-09  1.1e-09    0
  132  -4.7245e+00  5.25e-03  5.01e-06  6.57e-03  5.25e-03  3.77e-06    2.0e-07 (A)  1.0000  1.0000   1  1.1e-09  1.1e-09    0
  133  -4.7245e+00  5.20e-03  4.88e-06  6.40e-03  5.20e-03  6.73e-06    2.0e-07 (A)  0.0265  1.0000   1  1.1e-09  1.1e-09    1
  134  -4.7246e+00  5.14e-03  2.82e-06  6.64e-04  5.14e-03  3.22e-07    2.0e-07 (A)  0.9141  1.0000   1  1.1e-09  1.1e-09    0
  135  -4.7246e+00  3.52e-03  1.34e-06  4.36e-03  3.52e-03  2.08e-07    2.0e-07 (A)  1.0000  1.0000   1  1.1e-09  1.1e-09    0
  136  -4.7246e+00  7.46e-03  1.43e-06  1.35e-02  7.46e-03  2.00e-07    2.0e-07 (A)  1.0000  1.0000   1  1.1e-09  1.1e-09    0
  137  -4.7246e+00  1.00e-02  1.09e-06  4.61e-02  1.00e-02  2.00e-07    2.0e-07 (A)  1.0000  1.0000   1  1.1e-09  1.1e-09    0
  138  -4.7247e+00  7.22e-03  3.27e-06  3.32e-02  7.22e-03  2.00e-07    2.0e-07 (A)  1.0000  1.0000   1  1.1e-09  1.1e-09    0
  139  -4.7247e+00  2.30e-03  6.18e-06  2.00e-03  2.30e-03  2.00e-07    2.0e-07 (A)  1.0000  1.0000   1  1.1e-09  1.1e-09    0
  140  -4.7247e+00  1.35e-03  5.75e-07  4.71e-04  1.35e-03  2.00e-07    2.0e-07 (A)  1.0000  1.0000   1  1.1e-09  1.1e-09    0
  141  -4.7247e+00  1.40e-04  3.38e-09  8.07e-05  1.40e-04  2.00e-07    2.0e-07 (A)  1.0000  1.0000   1  1.1e-09  1.1e-09    0
  142  -4.7247e+00  9.13e-05  1.05e-09  8.94e-07  9.13e-05  2.00e-07    2.0e-07 (A)  1.0000  1.0000   1  1.0e-09  1.0e-09    0
  143  -4.7247e+00  1.62e-05  6.45e-10  5.73e-09  1.62e-05  2.00e-07    2.0e-07 (A)  1.0000  1.0000   1  1.0e-09  1.0e-09    0
  144  -4.7247e+00  2.59e-06  4.62e-12  4.64e-11  2.59e-06  2.00e-07    2.0e-07 (A)  1.0000  1.0000   1  1.0e-09  1.0e-09    0

OPTIMAL (within EQTOL=1.0e-06, INEQTOL=1.0e-06, STATTOL=1.0e-05, COMPTOL=1.0e-06).
Solve time: 62.991 ms (144 iterations)

